-402.82138397  -493.45861908  -1772.7344153  2.8183250435  -0.53170650511  -0.63446818994  
-398.17797882  -494.67848145  -1770.5533105  2.8228165916  -0.5371066744  -0.63232165702  
279.02990173  -288.50248932  -1650.4352112  -2.0838690841  -1.3103573019  -1.820757464  
292.44364624  456.8411203  -1554.4504053  3.0938745288  -0.97732859883  0.51710290483  
204.54149765  -138.56052505  -1551.7516089  2.4625834449  -1.1765399608  -0.41283962781  
252.37844635  -407.97817322  -1606.2197937  2.5623039024  -1.0842318652  -0.204735786  
-200.00336777  -164.94528854  -1508.09828  2.7993089175  -0.35444111585  -0.37857940188  
-157.15563568  -80.531981201  -1647.1468933  -2.3857106277  -1.203189009  -1.7296384653  
209.49077072  -414.41960693  -1591.4862769  1.9763729247  -1.0446441832  0.081713898369  
22.566473446  -395.61345978  -1558.3618738  2.6983806351  -0.67922914534  -0.19526677449  
-59.606478043  190.32529556  -1582.3949963  3.0136410979  -1.2718696406  -0.35166125542  
12.482726593  -19.965872612  -1492.5149255  2.793377838  -0.73641581009  -0.19782344423  
31.7122575  -482.0180069  -1796.3238013  -1.9505667446  -1.0937637781  -1.9576552107  
-27.058795357  -221.91851807  -1533.8217773  2.6063330822  -0.84413073497  0.18429590281  
141.83081818  239.2541655  -1585.6410461  2.6835977889  -1.2169264333  0.42536711943  
-106.92014473  -480.27528259  -1709.0782202  2.7209345424  -1.0190078712  -0.45942937896  
35.487345695  -464.99525513  -1638.4424451  2.9898693071  -1.0343744883  -0.95853285339  
40.394352875  -495.29975372  -1810.0635925  -0.48444324211  -1.3989182498  3.1120779337  
-107.44537994  -383.17287201  -1720.2329553  -2.3733263135  -0.76606357922  -0.71849865335  
218.15801575  -551.26399414  -1763.068241  -2.8467543461  -0.93931188281  -0.75705215307  
73.157852783  -313.65517242  -1621.8054492  -2.661513409  -0.94483654839  -1.0887374308  
153.32357239  -475.58839752  -1635.1277209  -2.8599901094  -0.54572737752  -0.78846540963  
170.76109253  204.01594345  -1457.9388855  2.9781672809  -0.76227618934  0.16216136846  
-283.58781982  301.65183868  -1585.8543457  2.27613156  -0.68089967983  0.16927541018  
-220.85028152  -374.9119986  -1697.719856  -2.7776647476  -0.57088362524  -1.1040118325  
-255.79413284  -96.390303802  -1520.9232751  2.9357371508  -0.42960267522  -0.50351676118  
456.0035141  -338.67471008  -2012.429519  0.29824208665  -0.90585775652  -3.0662545491  
-343.67179749  -443.64429352  -1757.5139124  1.9018203826  -0.9730263063  -0.050573597876  
-116.40555672  -502.75358246  -1744.6817725  -2.7257841148  -0.72539956964  -0.5854705378  
7.9000388718  -542.74430481  -1942.6013147  -1.5318883484  -1.0991944896  -2.0159447994  
49.482426491  -4.824924984  -1539.1518921  2.6874285686  -1.0348586666  0.61441522569  
-54.892897186  -419.23081421  -1670.5107178  -3.0179005223  -1.2242318847  -1.3191386484  
245.70296005  53.401503983  -1504.753573  3.0335311392  -1.067175615  0.33244166964  
-214.13996216  -352.72625122  -1572.7397131  2.1503151544  -0.73116299667  -0.44511169065  
296.67611389  57.743598442  -1548.5039392  -3.0736354773  -0.95039724533  0.10098830405  
-44.635994072  -116.76741737  -1473.0272913  -2.4996368278  -0.40485621343  -0.36186269839  
149.02816284  -376.25739166  -1602.2485303  -2.7132438572  -0.84892950645  -0.81293849795  
44.62987545  -197.10148849  -1628.1760974  -2.8547269757  -0.96179050189  -1.2482880243  
51.954210625  -107.8957766  -1564.4100537  2.9865461253  -1.0138459321  -0.86601240886  
36.858391914  -157.44249237  -1481.1585168  -2.6919662206  -0.48238280479  -0.33925353636  
430.79412445  -317.37189728  -1980.6428235  0.27537859203  -0.88084483822  -2.9983249789  
95.26061821  95.319883118  -1531.3567383  -2.4950606931  -1.2054042681  -0.37501375398  
-4.3772586441  -33.248574219  -1477.017041  -2.6433116219  -0.71443039933  -0.23417064065  
198.82416809  -145.51409302  -1601.2441089  2.4267617305  -1.2882818885  -0.20176577372  
-143.20344543  -297.4790625  -1522.9502429  2.5014863657  -0.6890642431  -0.6320432114  
-154.24536118  -135.40406525  -1560.8095544  2.906733579  -0.65699400649  -0.4160789594  
263.3083783  -277.56959137  -1632.2784229  2.3006936848  -0.86754973074  0.80647575212  
-52.889785576  -128.18096725  -1587.8175928  -3.0331894251  -1.1924924855  -0.20124737419  
-135.24621948  290.07809479  -1552.4380188  2.9172129892  -0.9580716443  0.27738223516  
202.11947571  -84.432375107  -1626.8309619  1.8321610858  -1.2725989668  1.1563628343  
92.11829689  -340.08207214  -1564.9628381  1.9119307765  -1.1281681578  0.30866837487  
220.90184921  -288.58444153  -1702.8946252  -1.3296636177  -1.4569839711  -1.9096732748  
-280.02885437  -124.10011665  -1561.3917773  2.6603304588  -0.58027406024  -0.69634943518  
-219.11279266  -541.95010864  -1792.5057092  2.9152862046  -1.0500632385  -0.4436255787  
83.853054733  -360.94667603  -1639.4138245  2.7743469687  -1.2672573526  -0.0037440929221  
-120.99883644  -419.33528259  -1689.7394055  3.1324293433  -0.68965388356  -0.23615165353  
-120.94832275  -64.732404633  -1478.9742395  -2.890747796  -0.54994742537  -0.12677599139  
-163.71114075  47.861107559  -1582.9108948  2.6892848849  -1.0629765082  0.52959131834  
-64.491952438  -491.16733551  -1717.1816162  2.8767905141  -1.0710041804  -0.16106672006  
-385.58673065  -285.6657251  -1673.7121619  2.7712212216  -0.6846561616  -0.53535572338  
41.938400383  75.934131088  -1584.4155835  2.3627778239  -1.2843892164  0.90564172616  
-57.853554077  -434.46616791  -1642.7575537  2.2912976608  -1.0376392683  -0.087005593014  
-27.437184238  -353.12456665  -1736.0191406  -1.9621350891  -1.4161143203  -1.5519903131  
-92.050917587  -354.01228607  -1588.0419604  2.7302549676  -0.79487971007  -0.52095043732  
-43.32405262  -116.72969322  -1505.7854492  2.8943076768  -0.75106100358  -0.17220526961  
-441.01147888  -550.67840576  -1927.5283728  2.6472909601  -1.3536628142  -1.2394326205  
-362.68697815  -98.931897202  -1581.6716321  2.8154286907  -0.63485888426  -0.71907014225  
321.02000641  -571.16255371  -1939.1065698  -2.1394991554  -1.12140382  -1.4781082793  
-26.792369938  -442.67531067  -1704.2002612  -2.6341400031  -0.7951508682  -1.369450352  
108.00309647  -541.78037476  -1852.0597266  0.085958718031  -0.5631842843  2.1586671865  
-349.14765564  -386.4650473  -1729.6104761  2.4218480331  -0.90830461362  -0.076418811904  
7.6206382751  -195.29561981  -1553.6946729  -2.8876854757  -0.85314202414  -0.39744662943  
-346.44261475  -398.02567993  -1800.9981323  3.1322731075  -0.90595456216  -1.2332482075  
-107.39054993  -108.07193298  -1627.6176465  -2.612146453  -0.99643675207  -1.3118858396  
-207.86899017  -25.766802998  -1526.7461316  2.7529021148  -0.63182869977  0.20686670313  
193.5289798  349.78072815  -1475.3486157  -3.0273992643  -0.76794244579  0.29309385911  
70.922816849  -432.93737152  -1578.2222864  2.4580424996  -0.90630383715  -0.31306717254  
-200.41305618  -116.11707512  -1583.5224963  2.7212552341  -0.70005237402  0.37317174165  
-478.12182648  -361.31187042  -1848.3327026  3.0211298259  -0.63364251271  -0.57344210433  
17.768250942  -505.17844116  -1745.1662695  -1.9922119761  -1.4320121854  -2.0364459148  
102.03868553  -37.90756588  -1489.7193921  -2.783162217  -0.39797600415  -0.068165172223  
221.8169957  170.3287001  -1454.1980432  3.0748505176  -0.66457346835  -0.014038632447  
-183.32348053  -356.12268799  -1707.5536743  -1.9833613219  -1.481960888  -2.1620795705  
344.29788422  -328.26490265  -1918.7148218  0.5884614782  -0.65708408028  2.3780438834  
-181.5383223  -334.99067078  -1564.938136  2.2733645057  -0.8794865752  -0.30735090506  
38.135426064  -105.55057495  -1618.6238965  -2.2457479276  -1.3258513408  -1.1950173168  
-195.21041534  -575.28186096  -1911.8372046  -0.89957355608  -1.3817448853  -3.126904818  
380.10858521  -383.91254547  -1889.534574  0.89865625483  -1.3996274834  2.7511868355  
-341.7225827  -425.28214813  -1716.1512793  1.9905388333  -0.96317474142  -0.022404650337  
-281.10686951  -226.67815857  -1619.9402991  3.0168762543  -0.7038063876  -0.3501029176  
-134.9259523  -357.91166962  -1579.3949622  2.575736896  -0.7091222714  -0.060350555797  
-231.52876144  -394.14147919  -1781.1423193  -2.7574727066  -1.1864430491  -1.5881351234  
-161.62251724  -18.129871655  -1610.949624  1.8292956601  -1.1027656512  0.67923134382  
-84.538494873  -453.90524872  -1629.5233105  1.3682905749  -1.2038957067  0.34136848864  
99.301440506  -544.29178955  -1707.4922144  -2.9896217462  -0.76457555222  -0.61301003279  
75.677671356  -137.66525513  -1647.5198108  -1.8011771544  -1.2097179352  -1.1988732638  
-90.813811188  -414.48337799  -1585.9469385  2.6915116031  -0.86331497542  -0.634226483  
-36.516925621  200.24807648  -1584.0191504  2.1282893969  -0.33322222766  1.0312214991  
208.81420471  -254.67616669  -1525.3129004  2.8821256237  -0.75952807564  -0.44301301617  
191.50701843  -164.98011169  -1663.1630493  0.32808400193  -0.58630983048  1.9470779237  
-313.2987793  -289.26496826  -1705.3437146  2.3844781969  -0.89395942259  0.29564026615  
-175.02715591  72.971873322  -1540.1667175  -2.9446758324  -0.69441056852  0.030164570441  
2.994486351  -1.4601745415  -1456.6252173  2.612037155  -0.74195972954  0.040228823684  
-1.5003195572  -395.78608063  -1629.2183105  1.2977225993  -1.3179270822  0.7870268895  
-182.19869659  216.96825134  -1522.1109119  2.6609945156  -0.67241198999  0.45294512851  
30.532676315  7.2806669044  -1586.9728113  2.0109595407  -1.3876377638  1.0545095829  
235.0763382  101.16546356  -1531.4542957  2.6508700818  -0.88076885211  0.3967289095  
-37.825537872  38.650005341  -1495.7363171  2.9650230977  -0.89361360178  -0.30622994773  
-197.3324057  -24.718098011  -1587.5197559  2.5490510451  -1.0494172096  0.18598056378  
-27.259328747  -58.128240471  -1498.7434045  2.7956531886  -0.96568823025  -0.36046599752  
48.260809517  -106.4999324  -1587.8841833  2.1867813377  -1.0938551946  0.71357127943  
-58.274082565  -386.24927551  -1721.0735474  1.7811181016  -1.2856369963  0.8665337207  
-301.23874512  -48.331939507  -1641.8487903  -3.100134207  -0.81829658366  -0.64344218023  
174.19984177  -438.34959595  -1638.3532251  2.5572249606  -0.91623631539  0.064665953599  
-147.06726318  -97.715830917  -1581.5024329  1.8849738698  -1.1771166851  0.43881515068  
235.58014893  -595.21126343  -2055.1777588  -0.7366778315  -1.1344270071  -3.0689777007  
387.93813507  -256.98628937  -1820.7123499  -0.19943907244  -1.2824726497  -2.51453506  
44.001740112  -7.282436552  -1524.5427698  3.1391487268  -0.92900753855  0.20049242404  
-207.3801825  -204.88123749  -1519.5443311  2.4268257518  -0.3916947777  0.13198492969  
371.2975943  -517.48949219  -1863.4652588  -1.1921554036  -1.1730952105  -2.6545495142  
-6.932632122  -334.94300323  -1600.5669824  3.029867608  -0.82583908451  -0.18670924552  
-208.3251326  -195.57473389  -1516.4456323  -3.0384677522  -0.4207321984  -0.29599039545  
129.86641525  268.89691864  -1619.5091516  2.6794755424  -1.296369105  0.95290097571  
167.28264832  -272.14023712  -1601.6685315  -3.0101646626  -1.2888642121  -0.38736511013  
-256.91424561  -324.95135529  -1731.7961853  0.2085352055  -1.3766659498  1.8869908281  
-194.26590622  95.494456482  -1516.9093591  2.8379486637  -0.72834655845  0.24049742067  
-51.040909462  -319.55196259  -1638.9459216  2.6822574481  -0.99364654286  0.14486773556  
-426.5160144  -272.49940063  -1826.2745349  -3.0633816627  -1.0550706865  -1.0917245838  
-84.823406677  347.97884979  -1602.8540967  2.5711572736  -1.1406960481  0.72050222977  
11.979823685  -280.12963165  -1650.5399194  -2.9741162781  -1.1597171729  -1.3575080094  
348.14707245  -579.37246765  -1955.405481  -2.4522526239  -1.3002193172  -1.1389872706  
-214.74375  -483.19713104  -1827.9566174  2.099293755  -1.4589736104  0.36591196506  
241.51875275  -374.77813324  -1702.1284167  -1.7140507501  -1.2463293226  -2.071126328  
-194.71595718  -122.26326103  -1475.2160291  2.447311178  -0.5413187687  -0.35095017169  
-317.00436615  -204.47970383  -1665.671167  2.181613101  -1.1549720304  -0.18521291012  
1.5070139313  -454.64918488  -1822.2671033  -1.6078928175  -1.2072847581  -1.8247754221  
184.20077286  -490.83193512  -1745.2566943  -1.2432402437  -1.4568073284  -2.8854760925  
152.24731094  -429.1615744  -1715.0014551  -2.9306030742  -0.99672822305  -0.47545385923  
306.92313019  -344.51526154  -1682.9079517  -2.0106471675  -1.2397905657  -1.720022306  
-398.50289215  -362.40679077  -1833.1685327  -0.056479196847  -1.4697448642  1.7240944204  
-200.65241623  340.81915466  -1631.9964404  2.5043108412  -1.040805386  0.094298527244  
-60.448902893  -413.73765015  -1717.4073572  -2.2605166585  -1.1501424648  -1.9363586324  
-179.39488327  -482.84004608  -1655.5120972  2.2285213183  -0.97366707882  -0.25612470837  
-29.627061825  -350.46844971  -1656.2643628  2.9472349191  -1.3599054208  -0.60240388139  
94.485027847  282.44176819  -1505.4894202  3.0997077116  -1.0479183628  0.45034936285  
-78.669149094  -361.87560577  -1650.7280798  2.5338608945  -1.0184680569  -0.015928256586  
-233.81102554  258.48587372  -1634.5934375  2.7634723253  -0.99836601504  -0.22240220569  
171.27905807  88.536446915  -1497.6835693  -2.9517103126  -0.9057309202  0.040287869677  
1.4348762131  -379.63837646  -1673.5617236  2.2928989918  -1.1378381605  0.29212382113  
164.88063553  1.6697094917  -1548.3244275  2.5138642122  -1.1522225808  0.81117355353  
292.5080069  -109.18070122  -1807.9926111  -0.49803121791  -0.78787910464  -2.2495851953  
-307.83517212  -331.16445526  -1593.2491907  2.3691108168  -0.41509228135  -0.29274313459  
-348.55861725  -517.67336914  -1914.9760779  -2.1403554761  -1.4112532068  -1.9784963349  
-30.314403038  -336.25907074  -1666.2678259  2.6694046718  -1.2607818684  0.10219729002  
-208.16769836  142.62510483  -1554.6151697  2.6202117706  -0.93834114756  -0.15097000094  
-257.83162994  -110.32042397  -1559.8321936  3.0170158159  -0.78722421298  -0.52752745728  
-4.3239049149  -104.34862518  -1555.6781848  2.6077475331  -0.95824137973  0.57384472254  
285.65031616  -117.45816978  -1667.1418896  -1.0733406126  -1.1580117886  -2.4494703494  
323.37969543  -263.79449615  -1727.0028284  -0.79227685255  -1.3716913291  -2.1725266891  
211.95165817  -47.211819153  -1638.2938513  2.4617548002  -0.99581050929  0.80422718713  
-266.16790039  3.7926800919  -1623.4526086  2.1560499937  -1.0068915198  -0.13227819668  
-20.821948643  -446.84624023  -1746.5368054  -2.4842289874  -0.98061319093  -1.016917065  
21.03808567  -219.18772354  -1552.8257971  -2.9752797176  -0.89147664511  -0.30408583081  
122.25621811  -477.82369141  -1912.3069153  -1.4067042779  -1.2468997206  -1.5994968534  
-292.64267395  -377.91422821  -1668.967865  1.388341185  -1.1642832478  0.4837623532  
142.19618225  -69.608986435  -1550.592301  2.3318477938  -1.1622438182  0.74502989853  
103.61161461  -577.00886841  -1883.5076611  -2.0029388889  -1.0345102338  -2.2011992666  
-276.10945831  -100.97756393  -1577.4805298  2.0527824502  -0.91765969672  0.057070477389  
160.89510788  -304.21576233  -1581.2162036  2.5130686843  -0.92435839735  -0.061160717738  
210.67397049  -0.14250793457  -1496.0534338  2.684701193  -1.0949963108  -0.11843048852  
280.54995331  -421.87305054  -1761.9472449  -2.0019605789  -1.1680733634  -1.5339953973  
-410.15885315  -143.05998795  -1702.4879663  3.0710239744  -0.70715514369  -0.31051491766  
-141.14362488  -342.19035431  -1702.6266638  -2.5578030739  -1.189488161  -0.99715275746  
-56.703234558  195.02006973  -1460.9561353  -3.026026245  -0.42769340851  0.075704840088  
-172.76256104  -527.2177478  -1823.7287024  -2.4440914689  -0.85772067425  -2.1092126701  
31.957023888  94.645403061  -1516.1623914  2.3967879838  -0.79843407162  0.32008447377  
398.10047852  384.67704407  -1920.6934802  0.4496087494  -0.64597141154  2.4900486352  
109.93679276  -45.577417145  -1505.6598596  2.5598770898  -0.59954766676  0.61037654781  
-64.491189575  -121.17024521  -1496.9054785  2.4666384289  -0.88276114617  -0.35854491919  
-330.03379791  -470.54068756  -1734.3808423  2.9399141771  -0.6537961635  -0.96133233997  
-177.42143005  251.40128647  -1479.7401904  -3.0481453098  -0.52803989052  0.26772270268  
281.13787476  355.97678619  -1514.4598938  2.9392981591  -0.90490957079  0.23596705699  
39.185709991  -314.24198395  -1526.8018518  2.7090800517  -0.40096906878  -0.21988335338  
-68.160215607  -427.3944928  -1679.4524756  2.8337449084  -1.0497439623  -0.10227643588  
-175.8418663  242.53160461  -1548.7372498  -3.0839419057  -0.56236029873  -0.069712687141  
376.29894714  -625.13315918  -2057.5239062  0.048648612528  -0.70473834898  2.3770650436  
-97.620175323  50.949366875  -1568.34724  2.4686042836  -0.82062939812  0.92657326547  
-248.61229858  -371.63251007  -1760.3938501  -2.4655428771  -1.1866511271  -1.686400759  
-250.89993134  508.97648346  -1637.4981909  2.8108688842  -0.65950040431  0.51736451423  
-360.10695679  -5.1393788147  -1547.3175366  2.7200014483  -0.52479439492  -0.28893299473  
-59.089478302  -177.11047745  -1599.3661377  1.8406369136  -1.1876688075  0.7951613563  
189.88106125  -333.74460449  -1575.8561499  2.873906525  -0.97323724206  -0.084954725371  
-111.17532921  -537.5128656  -1735.3702222  2.3313839583  -0.62283470901  -0.2202722183  
110.96044876  -341.21541901  -1725.9345581  -1.4655216783  -1.0641586538  -2.6296288811  
-28.299460678  -259.23778687  -1555.4147107  2.9073695425  -0.91663689556  -0.69847809928  
-274.25537415  -499.71521454  -1833.18854  -2.6666938487  -1.0675189021  -1.6578490949  
-84.318239822  -146.21514282  -1567.8731982  2.266215827  -1.0290601385  -0.010537145166  
-4.4700723648  -265.67794678  -1519.0644653  2.2617759272  -0.94894459963  -0.035469299853  
-188.24844223  -375.48723724  -1566.3190698  2.2187814299  -0.73927806229  -0.23164850327  
314.85500153  -124.1746125  -1597.0496887  -2.3658687848  -1.3222448033  -1.2175278295  
-62.236161156  197.22024368  -1549.7560364  2.3049589264  -0.53521532625  1.1006497023  
4.9956117249  -485.11378021  -1675.0383386  -2.8142826965  -0.66298844038  -0.76732330931  
0.10979066849  -501.7097644  -1635.5706006  -3.1167322243  -0.67289208382  -0.83791164242  
-372.78659149  -484.50630463  -1735.3566711  1.9046223711  -0.74794235037  -0.47462110043  
-77.915050735  -302.36458008  -1612.7897595  2.1583730782  -1.2287388157  0.31919138353  
90.796959763  -473.72372314  -1758.2881555  -2.5610938441  -1.34753255  -1.3227178839  
206.88440308  -491.49298248  -1949.2419177  -0.02851042388  -0.78835630994  2.8971785508  
-95.84973587  274.62728699  -1529.3303882  2.7277482006  -0.81379444254  0.41185871602  
65.722179337  -173.57093292  -1482.8336096  2.4236360968  -0.72612086125  -0.38235470076  
235.95358582  -525.93167053  -1692.941886  2.7046165266  -0.88956175593  -0.080345414369  
55.917754326  -340.14414062  -1665.9418359  -2.5527570895  -1.151586104  -0.49442614061  
-105.36577797  -368.9446637  -1598.4645984  3.0502546548  -0.72468976534  -0.53050063015  
-307.03293427  35.866188087  -1653.5362903  2.6105131986  -1.2574083683  -0.41420393931  
-298.62986816  -426.08256256  -1731.4071899  3.0184648213  -1.1195141385  -0.86735958608  
116.82723099  33.404443512  -1617.1269641  -2.331364896  -1.4492305639  -0.51635316962  
-168.05602509  -494.55706604  -1665.3324377  3.0934115189  -0.68378456184  -0.75968598838  
-183.87831436  -122.98950859  -1543.9963501  -2.8969892412  -0.72840496482  -0.36902716838  
415.8409436  560.4931012  -1827.3307593  0.77026960395  -0.9641754171  2.9005055139  
-149.36566589  -330.58543762  -1611.180332  2.799256628  -0.84423477613  -0.027190275459  
77.747458954  -429.78803589  -1719.3289417  -3.0281739934  -1.1685154966  -0.96155689912  
-474.08305328  -171.72075317  -1794.0343848  -2.8335288727  -0.56045260308  -0.35921184735  
385.22402283  19.086391659  -1759.9018323  0.51139488548  -0.72427703727  2.5018331025  
3.2329506302  431.43557526  -1510.9897607  2.7108935367  -0.55573409658  0.63653471612  
-361.87095551  -448.74626923  -1804.3294202  2.3861033455  -1.1930528794  -0.19118278318  
171.13309692  -83.964363403  -1560.5661841  -1.9201420995  -1.059357114  -0.87997793846  
-319.50373352  -410.19768585  -1672.9254675  2.2702251397  -0.79803251309  -0.69837464114  
-277.58348206  -268.09328491  -1718.9301868  -2.4630473186  -1.273877957  -1.7871091264  
-186.85557968  -448.84504791  -1747.4117932  -2.7444541458  -0.84366888196  -1.2116346714  
200.88806076  -327.59553894  -1551.4519226  -2.8307498753  -0.38704436827  -0.53891892835  
-8.0358979607  237.69709671  -1462.956084  2.5952973204  -0.48591753982  0.54488016729  
111.05118843  -135.79461227  -1615.4081775  -2.1016810062  -1.108694199  -1.3736075689  
-71.674815216  -231.82391403  -1576.2799561  2.0882131081  -0.98346887306  0.29330398005  
128.45928207  -90.129927139  -1515.2092737  -2.9652800055  -1.0745840351  -0.45926187377  
18.20697876  -316.55241272  -1649.3021899  2.2567456806  -1.0045458849  0.74825763315  
342.37277863  -345.66138824  -1697.7590857  -1.8832752504  -1.1900479467  -1.7642474938  
115.42229919  -217.69004242  -1629.793418  -1.9204893688  -1.2298104312  -1.55927167  
-348.27702576  -477.33510101  -1908.8065771  -1.4478580883  -1.0959953671  -2.9742243203  
82.486945496  25.375782528  -1510.0219263  2.5751254761  -0.85788920481  0.39915029988  
-158.45749817  -418.59224976  -1769.1395911  -2.5921254824  -0.92390703281  -0.88000863447  
-247.46505386  -486.01467834  -1799.7163989  -2.5991634864  -0.82107514744  -1.044450712  
-171.21685516  199.08996979  -1466.0050256  2.8023399321  -0.43283729542  0.23183273334  
35.954796829  -323.83397461  -1635.4225696  -3.0936716187  -1.3099007127  -0.90230042169  
-103.58461723  68.368562164  -1447.9687366  2.4228660902  -0.36630759525  0.00018620112193  
-10.313582239  -460.76649933  -1665.4186816  1.7295737623  -1.3733408338  0.14521596433  
218.82460937  -395.32938812  -1779.7849438  -0.86927843108  -1.0961353116  -2.8870016792  
-138.31007858  -197.72792465  -1655.5516272  1.4264764789  -1.3273912018  1.1896722352  
-347.17927032  5.3623393154  -1548.933833  2.409537077  -0.46834812618  -0.15835950703  
9.922393322  -501.43197357  -1653.2185352  -3.0348120956  -0.53999512639  -0.71765620544  
112.55678741  -440.59427795  -1668.2313525  -2.344326835  -0.75300804326  -0.83181842275  
-472.19026764  -358.6877182  -1916.350636  -2.5651640204  -1.0971469732  -1.7772864563  
-323.27794495  208.31330322  -1651.3616785  -3.1032944049  -0.87887027757  0.25392520782  
-40.334999962  -218.44364273  -1602.6650171  2.7052991906  -1.3050911694  0.054218314434  
-137.62059601  -460.10157593  -1664.3854712  1.8330287965  -0.85908989705  -0.3306426109  
187.58045425  -369.71152008  -1643.5777942  -2.9378920107  -1.3550663357  -1.0272456012  
98.457597809  -36.008185043  -1548.2616541  -2.6047293288  -1.0425384625  -0.46340246736  
-400.02897064  -285.07125092  -1789.6222644  2.0005654159  -1.232207849  0.20567871288  
-213.56235321  36.506239853  -1513.339469  2.2339180572  -0.37949468688  0.17029463594  
-197.01468124  -203.87381744  -1543.8700061  2.0886217562  -0.57777788564  -0.51658713265  
-303.10357361  393.82447662  -1651.3619836  2.6750828783  -0.7051555232  0.62694674323  
-54.129686089  -547.22949707  -1743.3631018  -2.9308494374  -0.82386824349  -0.59657541252  
-307.52038116  -216.10611938  -1640.477478  2.7199680026  -0.46706660397  0.078963909502  
182.72854736  -246.80741531  -1578.8007422  -2.9700975281  -1.0448995095  -0.14470762514  
-209.52040451  -396.28166016  -1649.2804114  2.3501120266  -1.0959589449  -0.14034295854  
-392.9047403  -302.19606903  -1692.0271582  1.9656180192  -0.83679080579  -0.29771655059  
152.26974457  -400.85198792  -1637.126283  1.9519621464  -1.2002349003  0.5016595609  
-96.062809448  -309.65737244  -1610.727655  2.5462212096  -0.95345298047  0.17586037578  
-114.05687149  -398.34433044  -1628.7939526  2.3612381094  -0.70397529783  -0.34839920435  
-230.89527908  402.50320618  -1571.3624512  2.7827850585  -0.63179495531  0.26930458916  
220.43260254  -1.9673711014  -1530.5179736  2.6465784674  -1.1829231147  0.0040452182727  
-41.872676086  239.06773849  -1446.0008386  -2.8144736398  -0.59375492548  0.039794669522  
101.30363472  227.03152191  -1566.7034985  -3.0495691157  -1.3809512246  -0.022545399922  
-52.767905426  -254.31992264  -1604.0588025  2.8650420813  -0.84559570442  -0.97431694317  
100.39926346  -504.32748016  -1644.1629407  2.9998585332  -0.54587389738  -0.66089643747  
318.92490875  -550.04303467  -1857.8950818  3.0895073003  -1.3997879135  -0.056096071776  
-153.37923004  -331.94437958  -1680.4333948  -2.5957729175  -1.1626864636  -1.3938594145  
276.85515747  -410.53609009  -1729.284635  0.57534280829  -0.75334454091  1.8233475514  
-472.51836426  -419.66138428  -1840.8738855  3.1236990666  -0.7651402759  -1.2055131063  
-412.65964996  -355.06538361  -1741.1736426  2.7618347983  -0.64751637504  -1.1854661256  
-20.686602268  -396.48108704  -1663.3420166  -2.9611921102  -0.79113394363  -0.50944260403  
-134.63923538  -565.83303772  -1888.8152002  -2.5320615118  -1.3509861387  -1.5940125405  
-186.7223201  -227.12359695  -1534.7422974  3.1239996615  -0.53141110405  -0.16944939948  
111.58086983  -72.40216713  -1441.8427368  2.4894073376  -0.64600452183  -0.18950888339  
72.392379837  -466.88787842  -1639.838949  -2.6932235134  -0.57526172979  -0.86164791562  
-265.16553894  85.72654686  -1570.711582  -2.8796214713  -0.70418492676  0.078664572843  
31.92777441  -498.46888306  -1726.3446948  2.0574906205  -1.1745495435  0.23801447082  
-344.08210205  287.08599487  -1699.3600171  3.0807951841  -0.6465459157  -0.42019172056  
-383.28209869  -473.26019257  -1721.3087305  2.4872570597  -0.87348824522  -1.0557217104  
324.68890778  46.964007607  -1736.7278467  0.58282655435  -0.73847463067  2.1630305109  
186.60404083  -352.85221954  -1548.1495679  3.034313125  -0.5502732714  -0.34030640775  
-286.83964294  207.12369919  -1640.9846899  3.0360830753  -0.67944583759  -0.413533788  
-98.88276825  -281.54043579  -1557.3242029  2.5218315127  -1.0621320656  -0.40226496834  
193.1132753  -293.32226349  -1737.7245496  0.23873916365  -0.48051461335  2.1577961011  
-21.643581657  -237.67170273  -1587.3749402  1.1490572241  -1.1963496429  1.0175384383  
283.9729715  -58.611108589  -1556.8656677  -3.0271884482  -1.3467660098  -0.14857294143  
-44.865170326  32.599491653  -1476.4913843  2.6260244188  -0.36597035955  -0.28709259812  
-317.0284259  -391.36959991  -1771.1704395  -2.6039732498  -1.2541407863  -1.8646432285  
60.002850685  -369.51066193  -1592.7595154  2.1311327038  -1.0054720558  0.27746596947  
362.13053497  -560.29612244  -1886.5414697  -1.9058669135  -1.4449234034  -2.0948002406  
351.34216858  42.170348053  -1687.5342651  -0.32998947514  -1.0902801421  -2.409538129  
-375.82017853  -529.2839917  -1828.9769067  3.1061691524  -0.77083010285  -0.94269621475  
12.339363556  225.08709106  -1494.5062878  2.5542839597  -0.53145419251  0.60506924859  
275.25585297  -334.24073242  -1644.7226831  -2.8938875349  -1.4013893162  -0.71706348756  
-341.51912079  -229.82102936  -1597.3628638  1.7244486114  -0.97594335528  -0.16808165367  
-2.4133337784  39.276898537  -1474.0964563  -2.995226204  -0.8105606827  0.019416093237  
124.48727585  -488.29121033  -1852.7748413  -0.78823569466  -1.1900084533  -2.7702778065  
-216.04368927  -416.39683716  -1663.3065576  3.0096570479  -0.84244056081  -1.1644268452  
118.12082214  88.686638107  -1511.9310229  2.8512735631  -1.1479320396  0.37204585667  
271.99260315  -648.8548175  -2074.9015845  -1.3972911288  -0.78921996581  -2.6414046295  
71.727115402  -225.29853806  -1572.6735193  -3.0602126141  -1.1538325277  -1.0912823138  
258.27594879  -346.90292603  -1842.7335071  0.70323821339  -0.56636055211  1.9457965945  
-82.259812164  114.65288757  -1482.9542346  3.0969659278  -0.7071907188  0.12070535294  
264.86382263  -359.34209808  -1698.8155298  2.6413670434  -1.3558953506  0.44237011172  
-195.51943863  -101.00342186  -1489.3580017  2.4102012455  -0.4023436507  -0.33135347641  
301.6456424  -364.61118347  -1653.8711426  -2.6592711847  -1.2322059034  -0.94520213166  
71.666066742  -530.13993896  -1734.6699927  1.7342964342  -1.1438394924  0.61591791262  
7.0477387428  -343.14377106  -1558.3168933  2.8440845972  -0.70456257654  -0.097222364623  
-148.87018448  -215.99059113  -1498.5041467  2.998119133  -0.46995964503  -0.29418741118  
176.20261307  -279.72205566  -1585.4318469  2.4409356232  -1.1044809297  0.27135834242  
91.676881027  234.68638382  -1511.5299304  2.6991459571  -1.0593303697  0.2602147208  
-47.798132935  159.51194977  -1509.2591321  2.5036772547  -0.56411006975  0.066960495882  
14.081320953  -141.70433807  -1504.5801111  2.6715618036  -0.81810073425  0.18246963111  
401.5822522  -408.68314575  -1812.4039893  0.60274781921  -0.71622876004  1.9632976076  
355.22485992  -419.20113037  -1811.7010498  -3.0126980153  -1.4029250733  -0.021511126574  
185.7728566  -205.66015488  -1658.9516626  1.5977470994  -1.1817204355  1.1842674524  
35.127292404  -487.64994598  -1652.613219  2.3630226685  -0.99267478831  0.073242462411  
-294.6619046  -345.40185486  -1674.7448071  -2.9635459082  -0.66957513277  -0.71497960132  
83.870328293  -345.92634705  -1600.5763171  1.6767333968  -1.0191467394  0.64910593358  
-139.29541245  -331.42303772  -1704.2224487  2.4152316643  -1.2667869588  0.44230416549  
-163.16805069  -86.285103302  -1569.196626  -2.9261089797  -0.9252700397  -0.604276328  
351.073396  -271.08610779  -1777.20479  -0.42763048982  -1.2398135045  -2.5295725167  
139.40743942  -418.34167786  -1696.0110327  2.1514572337  -1.0642100316  0.51613892928  
392.55334381  -315.05385651  -1976.8547083  -0.45088316925  -1.0555547813  -2.0221509477  
216.9082753  -362.16950928  -1606.701582  2.2563882815  -1.1280837751  0.32754300622  
67.171981735  -330.76822327  -1620.893761  2.0180402339  -0.974600148  0.77628102697  
286.42554779  -284.82064331  -1555.5842407  -2.9299534955  -0.88349312801  -0.64063937463  
443.98411835  -508.72070343  -1986.0998499  0.39913864879  -0.64770540729  2.3355204118  
160.11058929  -402.57958038  -1773.9254785  -2.9202608035  -1.1950819642  -0.34825686737  
294.62117035  -491.51742798  -1698.6016541  2.8049354548  -1.290054344  -0.31354841771  
252.58378036  -474.60449371  -1827.5949072  -1.9210591725  -1.1290733862  -1.0679309866  
28.883858528  -74.630576859  -1513.268385  3.0466892224  -1.0427093298  -0.18716070723  
-31.063199501  -214.14104492  -1533.2270764  -2.8477246347  -0.43982770387  -0.39412976213  
213.09301346  -326.79201965  -1665.1003857  -2.1204964202  -1.4699875034  -1.6594540505  
29.693291092  188.31133331  -1471.8434668  -3.1088649966  -0.68790631465  0.40594233688  
-313.96862396  -408.27907654  -1667.4030627  2.5594689475  -0.65105791359  -0.21838631573  
-328.16278778  -223.34289032  -1652.5384692  2.8611427736  -0.96877844405  -0.9722579608  
142.7982724  -366.90621124  -1680.2741797  2.6412550973  -1.4023184364  -0.14275295179  
-0.30360651016  61.02728775  -1433.1284558  -3.115456578  -0.5244527724  0.022985128929  
-49.326382217  256.30011566  -1611.5836938  2.9985968821  -1.0374234188  -0.24892268073  
-284.76576202  181.65623535  -1560.567887  2.270144226  -0.52640185713  0.30241731057  
-469.15093018  -468.17379272  -1855.5153284  -3.0759736889  -0.49941322631  -1.2913578447  
179.45452057  -52.771897812  -1594.1888342  -3.0650484208  -1.2945723335  0.20148083153  
-146.96155396  309.25902924  -1533.6525818  2.4959994934  -0.7268928497  -0.00062319331541  
371.35921143  -302.09860565  -1805.9925964  0.61421391  -1.4617152755  2.9368519276  
321.43476349  -295.58292938  -1683.4866687  0.66534367794  -0.87481140504  1.7336228161  
-128.49848495  90.574560852  -1477.0297839  2.4874968745  -0.63652364405  -0.0076554097231  
96.886754074  -217.61353912  -1567.3761243  2.822156764  -1.099794573  -0.36793782728  
-183.17991074  -474.64812164  -1762.1558398  -2.6041599278  -1.3242794926  -1.4681607331  
355.34827423  -518.67787415  -1961.5236353  -0.70274299522  -0.88841312604  -2.8939460616  
-327.94757843  -463.2490271  -1828.5864758  -0.34613219483  -1.4118029805  1.9551043703  
-124.55155212  22.01598053  -1588.7111865  -2.7034347699  -1.2193657694  -0.43840685145  
-214.30412643  -388.76502838  -1593.522804  2.6511909412  -0.6284499017  -0.65754002211  
138.65285461  313.96583038  -1579.1069556  2.8445254538  -1.1568457466  0.31299740886  
61.310923615  -459.35521606  -1645.1544165  2.6282368815  -0.96964902855  -0.56942095227  
-26.768150425  141.86306091  -1501.8602441  2.9195335041  -0.8380998889  0.33135475753  
214.08958832  57.313786812  -1507.1049768  -3.0023683974  -1.0530898183  -0.30556799397  
-171.71365402  129.6252858  -1552.3311865  2.4308758002  -1.0240399781  -0.1912460197  
-28.274311161  -158.41460205  -1666.9356494  0.40310762722  -0.78145379248  1.8933952429  
-237.59015427  438.12908966  -1643.8051538  2.0688955122  -0.48441789553  0.22237041341  
319.75737549  -280.82942078  -1756.7096191  -1.6894765048  -1.1517719882  -1.7762810979  
-151.31696396  -445.36276428  -1740.6929126  -2.7165419912  -0.82783575458  -0.97875375961  
244.53321655  257.43109619  -1583.1193884  2.8867588475  -1.1768179927  0.50795467838  
112.90980606  -272.81959351  -1507.3478113  2.3089737291  -0.76426533214  0.12750677461  
313.86242401  108.66377869  -1617.5121643  -2.2842029067  -1.2344246757  -0.52860729389  
-332.85497955  -473.87088409  -1824.3814819  -2.8319288784  -0.86654792526  -1.2259157996  
220.23946991  188.13830627  -1476.1061487  2.9463471118  -0.67339842866  0.2306625298  
-58.416996346  -11.057792416  -1470.4759595  2.4256782266  -0.59819973641  -0.40438264815  
90.057527237  -152.42091599  -1593.2457947  2.080584434  -1.1956500102  0.86116637103  
198.35078598  -235.85036819  -1654.9968188  -1.7940079676  -1.4308906121  -1.3398432432  
299.6622998  -454.54910248  -1778.3397351  -1.2977480311  -1.2069797388  -2.7910649902  
-442.94387634  -63.242499847  -1735.1117468  -3.0892663798  -0.87456650157  -1.0531895207  
202.18750595  -230.71613586  -1537.8869226  -2.6811952055  -0.84220870486  -0.50247954742  
171.00829193  -584.18243347  -1892.0814124  -1.0934577549  -1.5266396275  -2.5552529089  
72.70450737  -421.396138  -1643.2242749  3.0139205667  -0.92823238968  -0.6734255632  
-336.52565338  -275.12822357  -1582.4888611  2.0955964766  -0.48576990962  -0.43554280327  
26.430109978  -28.087511082  -1519.0159485  2.4540977707  -0.77818075483  0.59439480512  
52.76254921  -122.53699745  -1546.3959167  3.0818915542  -1.153606471  -0.054939536607  
44.646403885  -164.86315674  -1463.280199  2.9674300146  -0.58968458651  -0.19588975996  
309.50793762  -109.01913818  -1617.2440515  -2.5571509997  -1.2495356135  -0.54504346992  
-134.00708435  523.8078833  -1610.6753882  2.3649923907  -0.46369686769  0.77537902504  
218.37406754  -545.77856934  -1939.1646399  -0.79527356915  -1.3380258889  -2.7594847563  
336.14692047  -55.27647728  -1650.3506885  -0.96993841714  -1.1806529822  -1.8876783521  
115.74834846  -269.91374878  -1584.1989392  -2.7166154958  -1.0473084942  -0.6617674622  
-249.68659134  -207.49306107  -1532.2570764  2.3519703688  -0.63123444378  -0.47251444956  
-228.0058522  -500.4464679  -1791.4147778  3.0669091711  -1.0580749819  -0.53435842877  
228.16645203  154.05761276  -1521.3802173  -2.7969178697  -0.92604160783  -0.099471419506  
276.93616516  -364.24030304  -1688.8335168  -1.839142049  -1.3540089404  -1.860067664  
-28.074120064  161.09803299  -1505.3202722  3.0746943243  -0.95077921157  0.066203148698  
53.511393089  -206.96257568  -1618.2091699  2.8457389824  -1.329534132  0.087822657701  
162.49094925  -467.95216705  -1825.938186  -2.7951305258  -1.2131509766  -0.69516504004  
55.843560524  -176.5944162  -1568.3519238  1.4799875564  -1.2688316576  0.91263208245  
-310.60363098  -511.37452148  -1734.932406  2.8767653443  -0.63507608209  -1.1808811702  
45.420653915  -520.22284912  -1684.8941321  2.3667198161  -1.0777229609  0.044271554222  
246.51562607  -517.71024902  -1798.0413757  -2.711720025  -1.2592148906  -0.46223580824  
-305.90448547  58.703680649  -1613.4620154  2.4545534323  -0.54209361359  0.49083061891  
244.70547028  514.29337585  -1833.1729053  0.58986035985  -0.85164722087  3.0262614659  
-291.2602298  -366.02676636  -1695.681355  1.8466212918  -1.2410898021  -0.050336940097  
-79.570795135  -378.67934814  -1715.8856702  -2.2411432045  -1.2611126184  -1.5422791459  
-163.40972748  -222.5070578  -1526.5187878  2.6681375679  -0.31388045574  -0.49880982444  
129.12260147  195.08662231  -1446.9404211  -2.878590867  -0.61035396621  0.099647966445  
257.97647095  -307.2336673  -1803.2714648  0.70953639061  -0.72302491131  1.9890780799  
-182.34023956  -471.60271057  -1626.6582678  2.849397184  -0.50832447961  -0.85089351705  
240.27089249  -21.590805321  -1612.488291  2.5628040438  -1.5190072415  -0.36693742744  
284.06565826  -124.36985619  -1758.9071899  0.0051237905305  -0.67416778373  2.2710820374  
59.99926075  203.5753241  -1489.7357593  -2.7125251395  -0.90082859998  0.052969635889  
-342.9234964  -74.920265045  -1593.8983203  2.0732558578  -0.80348917329  -0.10421891303  
-22.436414242  -445.13631805  -1635.1173584  3.0742762136  -0.41414269071  -0.40982548977  
-74.746932449  288.64382416  -1469.838269  2.934081186  -0.5832812592  0.31758527183  
-185.41635986  -338.43083252  -1548.547627  2.0711715664  -0.79082947246  -0.31277151966  
71.247167206  -545.27863525  -1821.7533179  -2.8691604045  -0.99813805148  -0.59367820135  
117.14640205  -417.84352814  -1717.0977942  -2.7189875563  -1.3557270436  -0.59398551969  
329.18776093  -416.99039886  -1834.6815723  -1.876887636  -1.1209929998  -1.4324327641  
68.217748489  287.39039795  -1496.1036682  2.7220521397  -0.59782419865  0.05082766002  
-136.85387741  -382.21514832  -1579.6260486  2.56422205  -0.45468941309  -0.34577059689  
-348.34109192  387.62761932  -1605.9694983  2.3431650058  -0.45365935349  0.046097411605  
136.00377411  -564.33511414  -2018.4856165  -0.37689836884  -0.96185951944  2.9130403395  
150.77924652  -52.625161552  -1542.8622058  2.8542375859  -1.291919417  0.081036753207  
-159.50403748  -439.01220154  -1693.0182947  -2.6342452652  -0.66244129672  -1.1625681147  
-118.61493355  220.81327362  -1496.4246851  2.5406154768  -0.50415983098  0.02705648228  
353.06062592  -139.63377716  -1803.4388342  -0.038734846904  -0.67293232678  2.3809151197  
47.483819008  216.92174973  -1498.1815588  2.7844889998  -0.81439892559  0.54842068874  
-216.21264954  -272.34951019  -1547.8486987  2.8653789856  -0.4838721875  -0.14966263721  
-35.685414886  -66.003441238  -1631.9136743  -1.7844747426  -1.3456071319  -2.0295968772  
-157.11080673  -382.4916745  -1760.852738  2.4064625606  -1.0955452874  0.60474639737  
-119.2735556  -357.92741608  -1666.7430017  -2.6438068504  -0.94384774106  -0.95921647703  
271.1226059  133.03612991  -1463.1327173  2.6161837613  -0.49198550297  0.29319371236  
-12.641717129  -481.6469281  -1701.0853687  2.048623226  -1.3123447058  0.15856616876  
-75.448332901  92.106175842  -1484.6242285  2.554612926  -0.27353241697  -0.36758540214  
-277.88549469  -280.0368512  -1682.2925  3.0375040826  -0.8537068263  -0.51458589112  
-170.0997551  259.18791565  -1478.8357056  1.6692307874  -0.37143128397  0.23650952383  
-333.41907135  -48.426450386  -1661.216781  2.9156092632  -1.0756521323  -0.68342014126  
-47.353441505  -479.15871429  -1793.144895  -1.6243108587  -1.3434510945  -2.1190845704  
-357.88163391  473.49289429  -1771.1602429  2.6272656792  -0.57997054799  0.15713216771  
-63.217098007  -406.11116394  -1584.9597327  2.8163812548  -0.45490460677  -0.46647707021  
-275.56293182  -100.9551226  -1652.8604932  -2.9214641789  -1.0570987401  -1.0550101953  
92.00621376  -121.02832321  -1520.9189514  3.083304897  -0.97614665339  -0.24577100038  
116.11925941  -346.84635651  -1552.1101453  2.3463923681  -0.76130278997  -0.011210146226  
124.71740631  -512.08134338  -1807.407937  -1.9464201115  -1.1813116244  -1.3538874652  
53.142611542  -478.1004303  -1867.7337207  0.35300164688  -1.3447468639  2.6968342532  
227.16147507  225.02304276  -1509.7449976  2.7682736308  -0.73172613797  -0.030775361814  
337.51019409  -341.08977997  -1725.3622693  2.4301041256  -1.4386448437  0.80608575405  
-303.36093353  -468.9406781  -1881.3738733  -2.7329753993  -1.0030527023  -1.3364317764  
308.76195618  -34.245918808  -1660.3625049  0.97993493867  -0.70694658455  1.9513496121  
204.84516098  -422.36858765  -1621.9589368  2.3436605207  -0.79793821644  -0.090791088218  
-304.23210571  -213.41577347  -1548.9187708  2.4847024826  -0.55043501905  -0.2024346577  
319.18936188  -228.3395314  -1683.3776025  -1.3867704139  -1.1279724346  -1.7974283883  
27.157316513  331.94076111  -1467.3576526  2.9814118569  -0.50603214203  0.54641113613  
270.69308014  173.42274094  -1524.9904224  2.9366436777  -1.1555305884  0.60368768498  
-135.10631638  205.82393478  -1542.8725562  2.8674726098  -0.98009631533  0.18638092355  
316.57881317  -135.7700238  -1665.9089514  -0.81061957276  -1.4171452706  -1.9505108825  
219.08508835  -412.00999695  -1858.0467529  -1.0679431217  -1.1348562447  -2.0272370724  
-223.46596222  -179.86666534  -1548.9030029  2.9402391823  -0.4037575844  -0.42834313348  
189.46388779  -494.4241684  -1998.2807971  -0.032585229178  -0.97805430951  2.9408594304  
-99.041678543  -366.11675964  -1681.2676306  2.633803067  -1.4869157319  -0.29921683945  
-210.3862381  -240.92369568  -1561.6017688  3.056041096  -0.6159488963  -0.20907267257  
-46.137162399  -488.06433746  -1739.8801453  2.9025353471  -1.3769494297  -0.90421493213  
-6.4002457047  -284.31506531  -1687.3912903  -2.0578484181  -1.2906996751  -1.0616581319  
-267.18286987  -408.17307068  -1608.7528589  2.1808708397  -0.78304201982  -0.38662563273  
431.18877472  -521.56882507  -2012.5574438  -1.2043854189  -1.1098348088  -1.9824408004  
298.73165649  -581.53899109  -1900.9921057  -1.6431049416  -1.1282402235  -2.1607499767  
340.06161438  -174.95631088  -1749.0984302  -0.81592721239  -0.88107399335  -2.0914513046  
-97.058068771  -405.73693115  -1605.2448706  2.3021683604  -0.94014168121  -0.53750928921  
197.09192459  283.7407309  -1610.7559229  2.735615544  -1.2011014369  0.46988097583  
-187.04109238  331.48225464  -1650.8273315  2.850652154  -0.76370567218  -0.36650716807  
136.25791473  -198.56887497  -1603.7487146  2.6841444928  -1.4055886229  -0.61257289742  
156.84759888  -514.36668213  -1805.6243665  -0.74733822179  -1.3179627087  2.887477941  
-66.251336594  -332.10363159  -1593.6077295  3.021739288  -0.65669772898  -0.45308289593  
123.77412148  -242.12977264  -1554.1655261  2.6507503514  -0.99490604694  0.17781788508  
227.25111481  -226.73803238  -1521.1654138  2.267880717  -0.79273412105  -0.19623040117  
100.93918892  59.7672715  -1507.9139526  2.9071644671  -0.86439115272  0.40193510644  
60.035275307  -341.92409546  -1684.0384778  2.3115738113  -1.0248922708  0.89141611402  
-97.953365479  336.97026215  -1506.0470215  2.7558015527  -0.46516900702  0.21799836524  
201.69840561  -375.02762238  -1647.277688  2.5351246774  -1.4526530414  0.0082753526915  
-0.34514751434  362.98451782  -1554.8739392  2.5006606498  -0.45157420465  1.0425897201  
-113.63180672  126.1478447  -1431.5740283  2.7915824037  -0.33441512571  0.1313141583  
-93.573828659  -365.00204315  -1748.2170154  -2.0851507388  -1.0838352712  -0.93207112169  
111.982276  -541.37984009  -1983.1775269  -0.40873561031  -0.93765568926  2.9301348166  
201.80411865  -488.23352417  -1706.6342151  1.7627700293  -1.1571174807  0.65151489411  
211.53081863  52.099793205  -1530.8716418  2.5779794338  -0.80424778641  0.53196865265  
0.95344577789  -517.32030396  -1711.2975122  -2.9706047026  -1.2946098355  -1.2470350137  
357.11247559  -485.64128937  -1844.9143018  -1.8677048968  -0.90777858445  -1.8542022473  
76.650817032  -148.84554382  -1522.3483447  2.7859039402  -1.0300840548  -0.23172190092  
71.035805817  -308.76882263  -1655.1171912  -2.467577318  -0.99601523323  -1.0228374058  
12.909605026  -54.004810982  -1488.7416541  2.4415714521  -0.75002694824  0.22190986974  
-185.58421585  74.140844116  -1594.0878308  2.9249224148  -0.98300774172  0.49086641662  
129.24697205  293.42470581  -1558.3690015  2.9497453754  -1.3046446121  0.51093908869  
-266.95126801  -498.44297211  -1867.4496936  -2.6390695334  -0.9689665117  -1.2846921224  
-251.44567062  -433.60384979  -1807.7832397  -2.6107441284  -1.065154999  -1.3854192961  
356.24410583  -222.68251968  -1612.9671484  2.2662262239  -1.3849920522  -0.10754676056  
82.509821625  -547.75917969  -1867.9671741  -2.3732853946  -0.94059749001  -2.1242995161  
-429.73668976  -461.89752136  -1889.5687683  -2.8643802229  -1.016947073  -1.3307986556  
-378.42296783  -232.51082016  -1672.1559094  3.0847798483  -0.74170654465  -1.1075388407  
-94.971761322  -391.67060791  -1571.7698743  2.5163721035  -0.85083278816  -0.3842504174  
30.158678799  -206.23844299  -1503.3185498  2.3396572002  -0.53648716777  -0.20219281535  
-116.20948624  -222.832686  -1560.7364124  2.7289052895  -0.99639184374  -0.74916777949  
-267.58259674  -491.2800293  -1698.6322058  2.2708979042  -0.47932163972  -0.34951242261  
-500.63905212  -408.9318512  -1923.0165088  -2.9126059719  -0.75045069648  -1.5553940389  
-276.84596649  2.3010716963  -1536.7813342  2.9182022881  -0.57377678265  0.20783772224  
-34.401224327  -487.73640564  -1628.3715149  -2.9999371326  -0.58158758625  -0.84978359504  
142.73067337  271.15392426  -1500.3455676  2.7448998472  -0.40732439304  0.37580719365  
326.11362732  -482.48255463  -1885.903678  -1.0981444919  -1.2066787732  -2.4580292965  
-412.78972656  -463.85577118  -1806.4964258  0.056571412494  -1.3522218232  1.4087433576  
-1.4536014557  181.20086075  -1490.5086243  2.5400005609  -0.70159784576  0.14810305684  
-159.59299789  299.90267853  -1497.3716956  3.1250852853  -0.63130126271  0.20053262484  
-272.12955536  -204.46153458  -1616.1437756  -3.0411814179  -0.58029526074  -0.084116778721  
281.04767548  -459.1840506  -1645.9446533  -3.0953576515  -0.67729008525  -0.594296011  
252.46999008  -405.37780426  -1668.4724438  -2.9528088758  -1.3786167184  -1.0467213239  
38.785380135  -186.1627916  -1564.1222253  2.2986074535  -1.0240581301  0.35086927833  
62.682257462  -515.14548706  -1645.1815576  2.3183669177  -0.89205272302  0.023004612801  
-257.84361755  -100.96050301  -1548.1191174  2.814523852  -0.79892464912  -0.62255190766  
81.157035675  -150.869151  -1593.12375  1.2607302161  -1.2066434716  1.2056266042  
-104.77026459  -450.4199765  -1806.2523035  -1.8264645411  -1.3348552783  -1.7866063412  
131.01897842  -60.100626945  -1500.8146655  2.5879699597  -0.9854020383  -0.025150872951  
267.70730377  -260.69830139  -1725.8411414  -3.0345056381  -1.4439050401  -0.3312447049  
2.3305239487  -472.60775574  -1644.0236951  2.5160376766  -1.2351281771  -0.43384744713  
100.35449348  -427.37565613  -1648.3135962  -2.8702810813  -1.132961256  -0.83926792323  
99.334914093  6.3589903545  -1434.3788428  3.0096623201  -0.50974230661  0.11245306855  
-444.22206207  -49.321045532  -1701.1974902  -2.9723159953  -0.61716117892  -0.13501534209  
-361.18423462  -398.33806885  -1830.2052344  -2.5617970024  -0.78279924758  -1.9367327345  
-235.68078293  30.816810627  -1494.8549731  2.063467539  -0.32459016015  0.36703627235  
-422.8470932  -173.79248108  -1746.6128088  3.0908507744  -0.65460415932  -0.1078367095  
-73.982479324  464.70687164  -1597.7342395  2.6750203365  -0.64045723578  0.0050949499444  
-35.343074532  180.45942245  -1534.0505469  2.8251131774  -1.0742669633  0.3868140512  
-237.0825148  267.20925781  -1635.9157581  3.0257481783  -1.0054945484  -0.056903890064  
-301.24984161  -382.20488495  -1783.6447009  0.34920862537  -1.2731135109  1.7741358229  
95.067274551  -216.84398376  -1489.9722632  2.887292189  -0.79257539806  -0.38808648523  
-32.03580265  363.99046295  -1540.3427319  2.6260037239  -0.66104785709  0.15727646035  
87.816384964  13.091730289  -1457.6365674  2.5805743697  -0.6086496521  -0.25921785669  
106.87399284  -239.90461533  -1521.4447632  -2.8440568446  -0.74259300486  -0.5931360958  
-462.8136319  -263.17996002  -1789.6740137  -3.1078281456  -0.86541343872  -1.0591385308  
-72.205804901  -3.4953870487  -1496.6481848  2.5982884178  -0.75491907263  0.22559552195  
28.14006443  -597.23274353  -1885.0316992  -2.3953764146  -1.3768917  -1.1134025263  
-235.26957443  26.795314674  -1560.5280823  -2.8402937902  -0.84968973108  -0.099119863324  
-407.86014832  444.92876129  -1716.1852466  3.0696612809  -0.57121740031  0.25520462091  
-41.167207527  390.90913147  -1603.4479211  2.6191987584  -0.50460900164  1.0501013293  
258.97913391  -590.36846497  -1871.7034546  -2.4299424127  -1.2470039516  -1.2055052684  
67.313535995  -165.63895996  -1727.5087195  -1.0707985786  -1.0240027243  -1.8248015876  
-211.2626738  53.196448021  -1531.4997229  2.7487703829  -0.62659233759  0.20775182727  
169.0087915  -454.1131601  -1711.5795959  2.6327909793  -1.46117528  -0.3029440832  
-52.284752884  -99.03390358  -1505.238595  2.3845956539  -0.74275352337  0.26169953191  
93.413849716  -564.07996094  -1838.5990747  2.6538061732  -1.3747696753  -0.31566767937  
312.67474426  -63.789275284  -1773.7219373  0.52854506164  -0.63229632821  2.0245846921  
53.24060051  358.68465576  -1479.717594  2.7628816979  -0.58456449339  0.5324627651  
-266.30788361  -41.283294868  -1511.6907153  2.4792047225  -0.29374723823  0.27206169604  
-369.30877289  -572.21241211  -1969.0043018  -2.0178107617  -1.2434013543  -2.7332590824  
24.742918816  -526.36058716  -1873.7667786  -1.5356745966  -1.1592386112  -2.3365564944  
-328.09023804  -446.11105499  -1681.5769495  2.8558503697  -0.69123360801  -0.8839799218  
113.22636734  -306.79657654  -1675.3428613  -3.0245481848  -1.0643984223  -0.024031003881  
85.961647034  135.59553131  -1459.6691882  -2.8048070536  -0.80130009661  -0.083701122165  
59.324932213  -482.03147491  -1644.0523059  -3.0689140689  -0.8017170041  -0.8061483395  
183.19239578  318.24923279  -1554.0302686  3.1330796055  -1.095063758  0.47147760713  
100.19613762  30.820690651  -1462.8102795  2.6799675289  -0.82133987425  -0.272847154  
42.408708458  -272.54905151  -1600.1842029  1.7481915  -1.2608421086  0.73855762021  
258.44983368  -28.131393051  -1577.52172  -2.3638509801  -1.0633793912  -0.69319196962  
12.43263443  -48.494442596  -1607.4325769  -2.8330158823  -1.1543787555  -0.11067271471  
-332.19693329  -291.74159821  -1716.4925208  2.1953463247  -1.321268233  -0.1426742758  
42.909862022  -82.695860214  -1651.2748083  -0.98489257601  -1.4010656627  -3.0411072868  
-239.43610519  -421.82891876  -1738.0261853  0.95307310605  -1.3305769549  0.70400925439  
-319.63759583  -380.97331482  -1674.9814929  2.3707561071  -0.90635517112  -0.41538282167  
-218.17256561  62.668128166  -1482.1448999  3.0732249586  -0.37228971911  -0.15982269427  
-134.38094376  139.41801682  -1586.0421643  1.7469722646  -1.2079998735  0.51596789661  
358.79243164  -496.56020416  -1947.7877869  -0.77016488051  -0.9606015454  -3.0810002328  
96.885888443  177.55639465  -1440.3329858  3.0700077792  -0.5884677497  0.32633518812  
-363.98336121  -446.56805664  -1741.1891858  2.5776495652  -0.82339872973  -0.68147650218  
-106.15525772  -292.93851593  -1612.0097363  2.3413317711  -1.1086436665  -0.18455733509  
238.56363815  -246.39431046  -1661.0533899  -2.4342862708  -1.3648670529  -0.37184306437  
135.51854233  -359.91304565  -1665.2646558  2.9389115305  -1.1512935852  0.27105826998  
-62.684999428  -506.55006622  -1697.3085352  2.6114043798  -1.4328742961  -0.68311057066  
70.963301163  -108.1554789  -1534.1835266  2.5235687738  -0.83240057201  0.16448308151  
-309.65730255  -95.108587494  -1647.3140674  2.2196698615  -0.98468828538  -0.14784940373  
-408.04937836  -482.67059418  -1877.9221802  2.7108451887  -1.1740697327  -0.96446829214  
-253.53065689  -92.577054443  -1552.8104626  -3.0659889549  -0.50341367582  0.0057194271207  
318.53306549  -179.07357956  -1821.5413086  0.018021355643  -0.51846952642  2.346083137  
385.06767303  -467.64849274  -1920.191189  -0.9202437403  -1.0262418392  -2.129322871  
34.420236359  -10.134249125  -1565.2558191  -2.3726029961  -1.2777510974  -0.45926337825  
192.07086121  265.10969543  -1481.3503113  2.8182872062  -0.75878124481  0.51677228701  
280.03899841  191.65387451  -1506.3497449  2.6363655835  -0.41895571015  0.50510548708  
-378.72163391  -392.79278656  -1786.9735986  2.9666895285  -0.86896922967  -0.67711265335  
245.75318283  454.85341827  -1521.2953857  2.6933846148  -0.60491393009  0.6604749678  
76.64330101  -534.74525574  -1853.0554736  2.4327399346  -1.2231007489  0.35746802579  
198.86165421  -445.9051059  -1629.5729175  2.423430903  -0.66153022623  -0.03414731889  
273.51617218  -288.53272949  -1692.978623  -1.2401827547  -1.3138015004  -2.3678597127  
-228.21419342  -164.41080734  -1617.6664771  3.0304907978  -0.84333811913  -0.85423519078  
-27.640336056  -442.03360565  -1760.3395605  -2.2629011151  -1.1280000468  -0.92694352301  
-356.91153534  -484.70273499  -1698.384635  2.2791453286  -0.60501896186  -0.35390259161  
-377.89208618  -215.17587799  -1733.5997925  2.2186764635  -0.97124811197  0.30786994177  
-137.31805847  -58.308629303  -1531.5688318  2.8842633229  -0.94328461397  -0.62399772647  
-262.1540979  -236.68306427  -1595.1296216  2.6910273443  -0.57466638907  -0.92088858793  
-174.31886597  -67.883014297  -1572.7950415  2.547851349  -1.0478749365  -0.12174578028  
242.87072128  374.2004126  -1498.1065137  -3.1193495457  -0.79210581128  0.17368267233  
89.185368729  37.856215858  -1502.8044128  2.5413772358  -0.9571096521  0.32240552498  
-9.2544090557  -371.65471527  -1695.2456055  -2.2102135437  -1.0738733959  -2.0759799946  
260.07773895  -469.27527802  -1756.6353735  -1.8224789657  -1.2783741732  -2.185666378  
366.35855469  -553.74690308  -1947.3418188  -1.8745756594  -1.3720353774  -1.1162911286  
-414.24021301  -503.45868378  -1792.1910413  2.8995965853  -0.71786494471  -0.85540639232  
-95.30205513  129.06346375  -1555.9538599  2.3637792977  -0.84382131135  0.86202876922  
128.43701385  -97.78546463  -1646.6053906  2.1862078149  -1.2217598393  1.2633973656  
233.38984604  -532.38521423  -1829.5351379  2.371612281  -1.2551750802  0.24580028989  
-156.58739517  -113.14474915  -1565.4973535  2.5799791633  -1.0237340746  -0.004336423589  
-454.18272675  -349.56724518  -1878.8125806  -2.7740123622  -0.62685123544  -1.0477685476  
-43.007180901  247.85772308  -1497.9164502  -2.8778525561  -0.76614370288  0.16997462761  
-461.80815338  -500.69398254  -1991.8587671  -1.2745658406  -1.1945312975  3.0305861101  
303.65881866  -169.28130875  -1560.3913721  2.6225812051  -0.95124257766  0.17963285657  
345.18727753  -458.81455902  -1843.1088965  -1.3572575039  -1.0888543813  -2.5122991306  
-354.51062408  -451.98665619  -1862.9322009  -2.8888517817  -0.67632232651  -1.827137749  
-223.21973312  527.31027832  -1637.5386255  2.8193928918  -0.58552846364  0.25744564977  
-61.058551865  121.43154999  -1497.9083069  -2.9429176118  -0.57234921733  -0.10116529826  
388.5936499  -477.11915375  -1885.4647937  -1.1359673696  -1.3935380598  -1.8673688061  
84.173774033  -446.02773193  -1753.1092517  -2.3305881795  -1.2183016934  -1.2338814014  
167.83128372  -442.96450653  -1658.210365  2.9329746758  -1.0782593487  -0.13025930138  
-6.2039961433  382.02931396  -1491.0384399  2.6722842853  -0.46617993295  0.49687423694  
-393.71791748  -372.81965515  -1710.3710791  1.4974032076  -1.1043558267  0.10062778085  
-130.0432515  -173.7668277  -1493.252782  3.0811009226  -0.26890344018  -0.18002570841  
-121.93090492  -181.28603943  -1538.4621179  2.8176593082  -0.5513161126  0.041263745182  
-44.240400124  106.9548745  -1583.2770569  2.7313725837  -1.3936058859  -0.40814474962  
-366.07205048  -244.19964233  -1625.4618115  2.1583971249  -0.93507221381  -0.35282248234  
74.292157211  -437.54130188  -1639.8801648  1.920924422  -1.1770310602  0.49191171384  
-328.47424408  279.12450195  -1580.0922327  2.1948906915  -0.46078962357  0.3154294701  
-57.327915192  -544.23826477  -1777.3964539  -3.016324584  -0.92566605765  -0.8634814011  
243.74610336  -111.55325951  -1576.906438  2.1543380475  -1.0244970507  0.70345071377  
8.4237597275  -351.11765656  -1648.5750952  2.7048600641  -1.0337321575  -0.066684849035  
76.697586517  -73.925366211  -1564.6892969  1.1163339169  -1.24944485  1.1701079187  
175.83596542  -57.985401421  -1464.6214673  2.7033900209  -0.72941826008  0.22910764018  
-455.5564212  -510.57533722  -1884.0929785  2.7378666313  -1.3198606595  -1.0023111023  
118.41969086  164.01450134  -1522.1283313  2.7481807524  -1.0429621454  0.13042615717  
-307.09437225  28.944365273  -1502.1170288  2.9773499156  -0.33669168235  0.070786541931  
126.30930794  -226.4043988  -1518.629729  3.0024324416  -0.50463596022  -0.08066827484  
-381.14167572  -301.44440338  -1733.6532825  -3.0292571704  -0.6200560832  -0.84362352382  
-8.4199172401  48.129143105  -1536.8024939  2.2995367038  -1.1033129819  0.10926979778  
66.221562653  -484.13709961  -1705.3811267  2.3576722789  -1.0193012859  0.12241894567  
114.54707802  -13.843940973  -1479.7479077  -3.0187853027  -0.62898767527  -0.077701138779  
18.021398964  -288.15022858  -1541.6184119  -2.6418102014  -0.56626538559  -0.66494342854  
-34.299250336  -399.53877075  -1596.6510864  2.9875618697  -0.7840141084  -0.70677442711  
-115.76805359  -565.87245911  -1910.6821167  1.7375935757  -1.5342015327  0.65870427009  
184.91487076  -248.30861221  -1594.8768665  -2.6036723304  -1.2170666719  -0.99072543688  
-195.16488388  -289.15812927  -1691.2638159  -2.5103612045  -1.1141154328  -1.1748984557  
215.26513779  -551.30239136  -1734.1185876  2.6654662283  -1.0099830729  0.00040475249849  
-309.24274109  392.58736053  -1629.1178625  2.8579804606  -0.62727225929  0.6567538666  
-117.57747643  -448.81165344  -1730.2233643  -2.9689925587  -1.0614555745  -0.51248889756  
29.524739647  62.821039925  -1581.1292529  2.3923830541  -1.1978617302  0.57960383411  
-345.17079346  -156.55566208  -1664.0922449  2.1735054482  -0.96861621083  -0.14668635211  
285.59106049  -233.33272125  -1628.8910413  0.48470288325  -1.4250602372  1.6191167385  
196.51846802  235.93991257  -1459.5317175  2.965903132  -0.75793358037  0.18034640625  
398.67781219  -417.67574341  -1945.5685181  0.038285829449  -1.0340753118  3.0973504905  
78.622153168  -506.42843262  -1696.3770227  1.4856047196  -1.3219448234  0.77910974933  
80.862967529  -531.47098511  -1714.8277246  -2.8536780769  -1.1419966768  -0.99822227258  
10.949223824  -282.93728394  -1644.6606555  1.8931392577  -1.2203670184  0.51522922773  
357.26595276  -93.617934418  -1805.1221204  0.20552918655  -0.77787695594  2.4702156186  
351.70215515  -211.95864487  -1753.5413696  -1.6131259984  -1.3746729728  -1.8644163439  
-310.56576752  -400.92624542  -1717.3659644  0.90521756409  -1.2956149597  0.84652197491  
-370.0623056  -221.26246689  -1612.7258533  2.2328594768  -0.6956962566  -0.34498862443  
-16.505110264  -364.97118042  -1560.4514563  -3.0352488918  -0.50637527505  -0.52878764869  
102.91241325  -326.81348724  -1692.3335974  -2.1374154737  -0.84677563904  -1.1632589402  
349.52231628  -353.59334991  -1798.3054407  -0.72628736817  -1.0133779101  -2.9830186109  
227.51181396  -221.51595886  -1638.5966748  -1.9077568197  -1.3702517829  -2.0569736866  
227.82898926  -235.20964493  -1790.0501917  -1.275095958  -1.0707025554  -2.2037418889  
-21.142024479  -11.721199379  -1575.8707568  -3.0389337402  -1.3041394989  -0.75272174479  
453.06793152  -631.60943665  -2140.437749  -0.54174915765  -0.90623408455  3.0864363526  
99.423330383  -323.70338501  -1661.2021985  1.3710721443  -1.472940895  0.69263571417  
15.065840149  114.23600159  -1614.5550891  -1.9386920955  -1.4728329362  -1.161686694  
-209.94810776  -332.76846588  -1716.0405859  3.1330526466  -1.4394690744  -1.0631354283  
-173.59615372  -298.52388184  -1632.7012927  -2.8724144116  -0.64766414581  -0.91564993256  
-123.69079865  -363.35701172  -1670.5137903  3.0599623499  -0.94496441942  -0.60467866948  
-118.13767891  331.68444916  -1473.7384424  -2.8605030391  -0.57225407522  0.18767116483  
-166.85255478  -138.7543306  -1476.4819519  2.2622102304  -0.65705293509  -0.31283173855  
248.20423111  -356.70725647  -1650.0767529  2.7988549294  -1.0364482744  -0.18886020471  
345.28888702  -379.57739838  -1913.5885559  -0.89834596076  -0.99830637131  -2.7225478783  
97.053061981  -81.089554825  -1539.3114636  3.0614582807  -0.99591860256  0.16946483536  
243.22851593  12.408606396  -1611.3697119  1.0627306639  -1.4355703026  1.2777821203  
54.383091087  -406.45497528  -1693.2857825  -1.8827213826  -1.5024487372  -1.9335503779  
-108.55733994  -348.33928314  -1599.1378674  2.2584395989  -0.8494221164  -0.63382106873  
258.45139099  -36.689013901  -1507.587229  2.255648233  -1.0428577299  0.07487180363  
78.619736404  -603.84449402  -1939.6031335  -1.1967492976  -1.2271677244  -2.7027751499  
114.20808083  235.98426697  -1503.1045288  -2.9377876779  -1.1090293666  0.064023160088  
-308.30873047  -227.03708145  -1686.5633142  -2.9900567509  -0.83559098505  -0.47292885107  
313.92673096  -458.930047  -1820.7592969  -1.5185187591  -1.0949728396  -2.5174371175  
-12.340351181  272.97704651  -1530.0776636  2.4997923117  -0.62511017758  0.033751378406  
-370.28927917  -357.43313599  -1764.4284717  -3.139720931  -0.68319906826  -0.6816341486  
-344.49185516  -360.48862732  -1781.8726453  2.9402479272  -0.90098702774  -0.61182719679  
260.46103302  259.98459015  -1471.9985962  3.007931884  -0.57990855524  0.10376227694  
-152.98687164  130.45903717  -1616.4845349  2.5018476335  -1.3503692386  0.26055627742  
-319.10164612  -556.67334778  -1978.8547302  -0.82585603242  -1.0744352377  2.7277473495  
8.0771043777  -35.127589149  -1558.7040625  -2.9431171039  -1.1818908026  0.14367973673  
194.4213858  -440.99788055  -1741.3950928  2.8452445935  -1.2603307916  -0.035867255725  
236.42894943  -482.01320038  -1749.5189185  -2.0548142843  -1.1882575988  -1.8487035329  
336.80765442  -356.87555389  -1725.573457  -2.7714643948  -1.3568312819  -0.20858686147  
246.59293228  76.344465485  -1622.5461389  2.05195015  -1.4431584984  0.25196286262  
-2.8977063751  -500.6239267  -1747.3014661  -2.5936386655  -0.78198533201  -0.80376787547  
-187.4039119  -300.14040375  -1630.2279639  1.995317469  -1.2746260141  0.20524749967  
239.79981583  -222.41125137  -1655.9226526  -2.2117497702  -1.2594636071  -0.94064131711  
-1.6853408432  36.020998421  -1466.9680164  2.7468046489  -0.6257417502  0.4007581324  
176.84700256  320.13711884  -1563.4422107  2.8893734902  -1.2123424953  0.40948061816  
-225.70857422  -33.429047089  -1538.7161243  2.6487971192  -0.68923969751  -0.20369953625  
-236.0020079  -32.063668938  -1546.8104492  2.9069122761  -0.79390266349  -0.021709516879  
25.601259422  -378.43420319  -1668.1470618  3.0998165336  -1.1901794128  -0.40266079952  
-413.34685638  -522.92981628  -1799.2229077  1.9584327143  -1.027384758  -0.16122903217  
222.64874176  260.45460754  -1495.7371155  2.6907278722  -0.51150541182  0.20587906984  
156.51077209  528.39642883  -1609.3082959  2.8844492372  -0.72817611504  0.54539510976  
-344.35449982  -289.59793976  -1697.6399805  2.8440655481  -0.66211767167  -0.41548973705  
-276.05716431  97.33042984  -1541.8753491  3.1271496916  -0.60953456957  -0.16300958894  
271.51635712  -381.1001767  -1666.1614026  -2.5525820713  -0.91918825939  -0.57840397795  
140.03115219  233.75324905  -1497.895293  -3.0486829348  -0.98927012782  0.07929521454  
-185.74317947  -423.51297607  -1622.5074695  1.8942128118  -1.1609427607  -0.25842869776  
277.77816406  -495.1970517  -1805.3901221  -2.5336448784  -1.2413334476  -0.50515323147  
-79.992643433  -359.66725861  -1625.1510571  2.5907455089  -0.89519168258  -0.61909431966  
256.82577942  -205.24375854  -1582.7793799  -2.9662537193  -0.84305050913  -0.65909122215  
126.60340408  -201.64329315  -1613.704635  -2.1694122769  -1.2331265882  -0.86185192717  
286.88321106  -263.18988831  -1727.6656799  -1.877787159  -1.1186558638  -2.0927247204  
-104.09561203  78.45740242  -1459.7384424  -3.0537163354  -0.42115256443  0.066764918745  
-299.75776703  -103.86162285  -1655.6977612  2.5539120105  -0.94594449016  -0.20749678635  
-25.031048107  346.56206909  -1540.154718  2.7269253228  -0.93693908333  0.11086840982  
-410.25494568  -282.5561084  -1730.1983264  2.7110667735  -1.0905925101  -0.79426963942  
154.79875381  -393.54741516  -1576.2742188  2.7559674458  -0.93844885453  -0.52683396529  
-268.53177216  -30.617569427  -1588.480293  2.8986702104  -0.71162670308  -0.85041737724  
333.68179291  46.566611214  -1643.8992725  -1.0160060723  -1.2278723288  -1.7701617612  
-145.52289459  144.08658112  -1583.7124353  2.3421048136  -0.89401897696  0.91534962719  
133.34356979  -44.852158966  -1553.2184167  2.869217765  -1.3539294891  -0.7571982096  
-181.15083237  -277.88180725  -1654.1262463  1.9395188244  -1.0898973441  0.61488174605  
-235.37354553  -118.83562492  -1538.7304919  -2.8911773556  -0.29619228142  -0.18682958965  
225.31077698  -250.34458817  -1664.592406  0.54071650826  -0.93338411609  1.727974026  
-80.925370331  84.065145569  -1613.7909009  1.720337462  -1.522259072  0.44772777001  
124.11436089  -375.66926086  -1635.0506824  2.8036643247  -1.0119570473  0.22285000571  
-54.927246819  -227.45860519  -1490.9048376  2.0842716153  -0.8334683034  -0.17519166805  
63.093993835  -101.11060905  -1492.8647961  2.9201894572  -0.74700836887  -0.19783842695  
-181.04675201  -313.40437073  -1734.1682104  0.018763960101  -1.4860060358  2.4742440706  
243.24396317  -547.50768616  -1785.4686792  -2.8390412016  -0.96630520584  -0.79723961244  
-154.23529938  -408.69217621  -1798.4737207  -1.9365884574  -0.94693714341  -2.2802280281  
-324.8242038  -208.85082367  -1548.9903992  2.3880098185  -0.45851187968  -0.55042510735